0 0.133824 0.142444 0.143277 0.100802
0 0.315239 0.141781 0.141403 0.100665
0 0.498861 0.142123 0.140580 0.100160
0 0.683324 0.141838 0.138076 0.098403
0 0.864866 0.141838 0.139815 0.098403
0 0.132761 0.272046 0.139471 0.098723
0 0.313992 0.270876 0.137227 0.098759
0 0.497420 0.271384 0.137697 0.098587
0 0.863008 0.271550 0.137782 0.098919
0 0.681290 0.271384 0.137370 0.098587
0 0.131714 0.400445 0.139059 0.098990
0 0.312899 0.400196 0.138403 0.098492
0 0.496113 0.400350 0.138445 0.099988
0 0.680739 0.400344 0.139630 0.099976
0 0.862256 0.400656 0.139639 0.099412
0 0.941866 0.954489 0.048437 0.034869