0 0.940160 0.951410 0.048387 0.034650
0 0.135492 0.139094 0.139891 0.098854
0 0.316845 0.138860 0.137891 0.098385
0 0.500038 0.139094 0.137891 0.098854
0 0.133811 0.267482 0.139891 0.097910
0 0.314832 0.268548 0.137227 0.098854
0 0.132130 0.396580 0.139891 0.098385
0 0.313324 0.397173 0.135891 0.098385
0 0.498357 0.268314 0.137891 0.098385
0 0.496676 0.397295 0.137891 0.097441
0 0.681882 0.268189 0.138555 0.099323
0 0.864412 0.268783 0.137227 0.099323
0 0.861891 0.397767 0.137227 0.098385
0 0.681042 0.397767 0.138555 0.098385
0 0.683794 0.139305 0.137336 0.098088
0 0.865059 0.139653 0.136840 0.098783